1101 10.0872
1102 11.8798
1103 12.5286
1104 3.9373
1105 9.1294
1106 5.9355
1107 8.8146
1108 8.5177
1109 9.9818
1110 8.9981
1111 7.0011
1112 11.5989
1113 13.9653
1114 4.6001
1115 2.7323
1116 1.4865
1117 5.2887
1118 7.3369
1119 17.7140
1120 3.5161
1121 11.9728
1122 9.9726
1123 7.9333
1124 2.1227
1125 7.6450
1126 13.6524
1127 11.9681
1128 13.3113
1129 3.3215
1130 1.5556
1131 6.6980
1132 7.1323
1133 27.4408
1134 16.5866
1135 4.3635
1136 3.4223
1137 7.0725
1138 14.1139
1139 8.6259
1140 8.8102
1141 11.2630
1142 8.3501
1143 3.4696
1144 3.9782
1145 4.8718
1146 1.5986
1147 4.5467
1148 5.6419
1149 5.7717
1150 9.2082
1151 9.4078
1152 4.3646
1153 2.0455
1154 10.4480
1155 3.7713
1156 3.8898
1157 2.7397
1158 0.5431
1159 3.0663
1160 6.4291
1161 10.3486
1162 6.2197
1163 2.7966
1164 2.2067
1165 9.7888
1166 10.5951
1167 7.3098
1168 13.2915
1169 18.3638
1170 10.8333
1171 10.6711
1172 8.8076
1173 9.9588
1174 7.9789
1175 17.6696
1176 20.7914
1177 18.1654
1178 6.2979
1179 11.8015
1180 8.6037
1181 4.4047
1182 7.8871
1183 6.8052
1184 5.2223
1185 2.9671
1186 4.9748
1187 9.8725
1188 7.1819
1189 2.0122
1190 6.6538
1191 25.9877
1192 26.5465
1193 12.4588
1194 5.2062
1195 5.0556
1196 4.1612
1197 9.1951
1198 10.5762
1199 14.8986
1200 5.1126
1201 5.2828
1202 4.6385
1203 8.2972
1204 6.4599
1205 13.5796
1206 2.6714
1207 7.7675
1208 5.8348
1209 0.2423
1210 15.9216
1211 10.2972
1212 6.6274
1213 11.8796
1214 6.1771
1215 9.6371
1216 9.5892
1217 13.0379
1218 20.2395
1219 18.0872
1220 23.8557
1221 14.8079
1222 22.8149
1223 4.2189
1224 17.3757
1225 21.8384
1226 23.8122
1227 28.9126
1228 30.9675
1229 27.7392
1230 22.5331
1231 26.6714
1232 40.8457
1233 27.9244
1234 7.0183
1235 11.7702
1236 8.6551
1237 6.3440
1238 13.7981
1239 12.0846
1240 14.6585
1241 3.5948
1242 14.9685
1243 7.9638
1244 7.4877
1245 16.2866
1246 15.8613
1247 9.4900
1248 5.9236
1249 6.0010
1250 9.2086
1251 2.7346
1252 6.5784
1253 6.9212
1254 13.9477
1255 20.3422
1256 17.4478
1257 38.7574
1258 11.2334
1259 27.8765
1260 10.2819
1261 28.6191
1262 11.5269
1263 10.7742
1264 17.8612
1265 20.4537
1266 10.9614
1267 25.6194
1268 43.5423
1269 14.8629
1270 15.6003
1271 27.1322
1272 40.5450
1273 5.3706
1274 18.0459
1275 28.0398
1276 3.6898
1277 13.2732
1278 6.8908
1279 17.4841
1280 27.1111
